    1         0
    2         0
    3         0
    4         0
    5         0
    6         0
    7         0
    8         0
    9         0
   10         0
   11         0
   12         0
   13         0
   14         0
   15         0
   16         0
   17         0
   18         0
   19         0
   20         0
   21         0
   22         0
   23         7
   24        43
   25        86
   26        65
   27        87
   28       194
   29       450
   30       801
   31       944
   32      1085
   33       986
   34       973
   35      1152
   36      1441
   37      2174
   38      3479
   39      4289
   40      4816
   41      5087
   42      5527
   43      6359
   44      7343
   45      8368
   46     10365
   47     12611
   48     12766
   49     12708
   50     13157
   51     13094
   52     13377
   53     13601
   54     13499
   55     13920
   56     14186
   57     14500
   58     14953
   59     15478
   60     15938
   61     16516
   62     17885
   63     19162
   64     20915
   65     25096
   66     56071
   67    143362
   68    216473
   69    197818
   70    148024
   71    110976
   72    110042
   73    141449
   74    241040
   75    352520
   76    436998
   77    476487
   78    430604
   79    322100
   80    259220
   81    269537
   82    351986
   83    432058
   84    511359
   85    589203
   86    717732
   87    712100
   88    672364
   89    632913
   90    580257
   91    582353
   92    610258
   93    680322
   94    800662
   95    957536
   96   1023256
   97    920899
   98    786895
   99    765289
  100    767337
  101    723581
  102    679409
  103    653290
  104    647088
  105    675106
  106    767579
  107    911022
  108    981660
  109    996275
  110   1114486
  111   1190794
  112    998598
  113    720706
  114    577752
  115    549115
  116    546295
  117    527798
  118    510300
  119    510111
  120    516104
  121    524463
  122    563097
  123    679773
  124    839589
  125    905577
  126    802947
  127    654498
  128    588984
  129    586964
  130    576498
  131    553011
  132    541901
  133    530348
  134    522436
  135    519394
  136    523043
  137    532505
  138    539987
  139    542614
  140    544320
  141    550332
  142    558705
  143    567963
  144    573641
  145    574874
  146    579831
  147    587782
  148    602291
  149    618005
  150    634393
  151    658063
  152    687806
  153    707651
  154    711641
  155    729531
  156    794383
  157    895935
  158    955331
  159    913621
  160    854020
  161    826726
  162    824708
  163    829782
  164    839015
  165    849746
  166    860108
  167    867648
  168    877414
  169    883692
  170    897049
  171    940825
  172   1064531
  173   1284170
  174   1460295
  175   1384121
  176   1149735
  177    999573
  178    954828
  179    953829
  180    965008
  181    978121
  182    985193
  183    988734
  184    993780
  185   1018346
  186   1047196
  187   1052335
  188   1044360
  189   1058793
  190   1088042
  191   1112619
  192   1111541
  193   1098450
  194   1213173
  195   1867742
  196   3728618
  197   6380764
  198   6985485
  199   4775496
  200   2625940
  201   1649277
  202   1193648
  203    961905
  204    884713
  205    868933
  206    867135
  207    868848
  208    871566
  209    887589
  210    926613
  211    981524
  212   1001503
  213    977474
  214    980185
  215   1018010
  216   1024554
  217    988666
  218   1005656
  219   1060611
  220   1049633
  221    955038
  222    876601
  223    846787
  224    839341
  225    839134
  226    841782
  227    847010
  228    861159
  229    877643
  230    912387
  231   1005372
  232   1148232
  233   1195510
  234   1072016
  235    927840
  236    859388
  237    837882
  238    833820
  239    832938
  240    832286
  241    835251
  242    837331
  243    840826
  244    847109
  245    854943
  246    858406
  247    868456
  248    890595
  249    921632
  250    959433
  251    970978
  252    939243
  253    901016
  254    885554
  255    884946
  256    904575
  257    929111
  258    932023
  259    908090
  260    894554
  261    902347
  262    904048
  263    899930
  264    898737
  265    928536
  266    982360
  267   1028963
  268   1068687
  269   1115728
  270   1082850
  271    960076
  272    875272
  273    850534
  274    870691
  275    977467
  276   1183498
  277   1322602
  278   1202178
  279    984504
  280    903948
  281    971318
  282   1124040
  283   1294457
  284   1369102
  285   1224453
  286    984906
  287    866062
  288    837997
  289    829345
  290    824027
  291    817456
  292    811708
  293    809423
  294    804806
  295    802653
  296    803837
  297    820158
  298    857281
  299    874623
  300    844615
  301    804140
  302    791692
  303    793342
  304    791624
  305    788212
  306    786796
  307    784803
  308    777376
  309    774533
  310    773106
  311    777969
  312    784540
  313    788586
  314    782228
  315    778751
  316    786029
  317    793053
  318    782147
  319    759564
  320    749925
  321    750577
  322    756082
  323    762189
  324    774648
  325    784811
  326    776168
  327    758466
  328    746669
  329    739896
  330    736523
  331    731939
  332    728039
  333    727611
  334    744909
  335    775412
  336    788793
  337    768897
  338    743964
  339    731611
  340    727652
  341    729968
  342    741929
  343    763758
  344    773773
  345    758816
  346    730244
  347    711423
  348    700547
  349    697598
  350    696331
  351    691393
  352    690540
  353    691327
  354    695128
  355    693173
  356    684167
  357    679251
  358    677370
  359    678434
  360    692762
  361    719516
  362    753303
  363    763346
  364    733561
  365    697520
  366    680018
  367    687426
  368    713410
  369    734316
  370    742047
  371    742629
  372    738212
  373    709865
  374    680921
  375    665818
  376    662379
  377    679377
  378    827676
  379   1581786
  380   3616699
  381   5950301
  382   5635722
  383   3078643
  384   1250286
  385    698046
  386    615143
  387    631408
  388    704375
  389    808080
  390    835206
  391    753840
  392    663748
  393    621668
  394    606654
  395    605468
  396    607107
  397    634635
  398    765918
  399   1126049
  400   1625076
  401   1736146
  402   1274355
  403    788825
  404    601344
  405    569533
  406    566416
  407    570156
  408    570826
  409    566899
  410    562017
  411    556524
  412    556417
  413    556427
  414    555942
  415    553398
  416    553659
  417    553971
  418    554106
  419    550399
  420    549859
  421    554839
  422    563792
  423    578474
  424    602848
  425    625434
  426    620848
  427    596529
  428    574341
  429    559223
  430    552490
  431    559696
  432    581605
  433    606507
  434    617900
  435    609516
  436    593269
  437    576069
  438    560617
  439    551650
  440    554768
  441    563042
  442    565947
  443    558272
  444    550818
  445    547829
  446    552255
  447    560002
  448    568080
  449    565212
  450    552805
  451    541581
  452    537785
  453    539148
  454    547964
  455    555286
  456    562368
  457    576280
  458    594490
  459    586233
  460    558560
  461    539598
  462    533015
  463    542311
  464    600449
  465    777178
  466   1051391
  467   1177618
  468    971679
  469    688054
  470    561108
  471    531657
  472    526302
  473    527773
  474    526750
  475    526174
  476    527337
  477    528868
  478    530172
  479    533079
  480    531701
  481    525273
  482    516383
  483    514109
  484    516275
  485    557685
  486    730358
  487   1060954
  488   1284618
  489   1090824
  490    718329
  491    521958
  492    472848
  493    461784
  494    454721
  495    459691
  496    481119
  497    509120
  498    530192
  499    536762
  500    519292
  501    476333
  502    450768
  503    443596
  504    448825
  505    450387
  506    460604
  507    484108
  508    524569
  509    545204
  510    521036
  511    482699
  512    461867
  513    458991
  514    457182
  515    454303
  516    448238
  517    435128
  518    420453
  519    414311
  520    420002
  521    472202
  522    670977
  523   1080057
  524   1371195
  525   1136162
  526    684944
  527    460670
  528    411548
  529    401856
  530    400888
  531    401407
  532    405270
  533    404093
  534    398732
  535    393451
  536    389812
  537    386923
  538    383760
  539    383234
  540    384945
  541    387916
  542    387351
  543    386222
  544    381213
  545    377972
  546    377362
  547    382958
  548    389128
  549    392087
  550    387155
  551    381234
  552    385292
  553    401738
  554    423318
  555    426733
  556    413485
  557    437394
  558    563998
  559    763971
  560    844313
  561    694316
  562    488901
  563    391873
  564    366295
  565    360404
  566    357240
  567    356714
  568    359350
  569    362649
  570    364069
  571    363496
  572    364552
  573    362204
  574    355403
  575    350198
  576    348621
  577    353542
  578    357406
  579    354584
  580    349150
  581    344693
  582    343571
  583    341862
  584    343136
  585    344338
  586    341778
  587    344601
  588    354978
  589    367501
  590    361102
  591    346844
  592    336187
  593    334972
  594    347119
  595    375303
  596    404933
  597    400452
  598    367389
  599    345271
  600    340819
  601    342022
  602    339076
  603    333636
  604    333553
  605    338149
  606    350206
  607    358008
  608    350290
  609    334659
  610    327884
  611    328833
  612    330839
  613    329253
  614    330221
  615    336667
  616    349469
  617    350447
  618    340942
  619    333556
  620    327319
  621    321334
  622    315835
  623    313290
  624    314853
  625    317426
  626    319032
  627    319821
  628    321140
  629    323004
  630    320704
  631    316141
  632    312739
  633    310103
  634    312369
  635    316820
  636    323511
  637    325204
  638    320020
  639    311042
  640    307074
  641    310831
  642    317393
  643    320836
  644    318437
  645    315117
  646    311800
  647    312718
  648    311540
  649    310730
  650    310135
  651    310417
  652    314360
  653    317209
  654    315933
  655    313493
  656    312915
  657    312428
  658    309618
  659    306934
  660    304897
  661    305747
  662    312585
  663    314244
  664    310575
  665    307518
  666    305141
  667    304608
  668    303040
  669    302598
  670    304166
  671    307290
  672    323043
  673    356481
  674    396112
  675    428967
  676    452300
  677    464434
  678    473987
  679    480505
  680    491109
  681    501364
  682    501440
  683    493915
  684    489762
  685    495908
  686    497340
  687    487880
  688    473493
  689    462043
  690    448796
  691    428619
  692    396675
  693    355197
  694    316085
  695    293551
  696    283340
  697    278220
  698    277406
  699    275920
  700    273420
  701    271329
  702    272753
  703    280148
  704    290925
  705    298779
  706    291875
  707    279370
  708    269186
  709    265572
  710    264054
  711    266661
  712    272272
  713    286945
  714    311784
  715    327204
  716    319613
  717    301920
  718    295784
  719    306144
  720    316797
  721    308627
  722    294585
  723    296268
  724    336798
  725    447034
  726    701222
  727   1223429
  728   2142580
  729   3429103
  730   4625030
  731   5034939
  732   4372279
  733   3047760
  734   1775565
  735    943415
  736    525424
  737    347188
  738    281000
  739    261324
  740    259496
  741    257355
  742    249314
  743    237337
  744    227506
  745    224402
  746    225323
  747    227695
  748    228137
  749    228583
  750    226617
  751    225227
  752    225835
  753    230535
  754    240145
  755    242294
  756    233742
  757    224255
  758    219285
  759    220522
  760    219789
  761    215854
  762    213586
  763    213561
  764    213818
  765    213494
  766    215157
  767    218972
  768    224167
  769    228698
  770    228373
  771    221993
  772    218223
  773    215808
  774    214223
  775    212411
  776    211509
  777    212701
  778    215453
  779    218310
  780    218209
  781    216514
  782    217745
  783    228779
  784    255394
  785    282845
  786    278085
  787    247166
  788    223345
  789    217286
  790    217304
  791    223141
  792    239620
  793    269302
  794    298608
  795    292831
  796    252809
  797    222602
  798    210006
  799    206451
  800    204555
  801    203776
  802    208672
  803    226092
  804    260984
  805    295134
  806    301275
  807    296723
  808    292554
  809    277588
  810    257641
  811    246927
  812    245376
  813    249139
  814    258727
  815    266060
  816    259425
  817    242948
  818    231006
  819    230021
  820    236060
  821    241760
  822    240426
  823    231377
  824    223272
  825    218654
  826    217138
  827    216762
  828    215807
  829    213889
  830    211620
  831    211537
  832    212517
  833    217926
  834    227310
  835    230535
  836    229929
  837    227169
  838    222788
  839    215949
  840    212995
  841    217301
  842    221069
  843    215060
  844    206291
  845    200048
  846    196585
  847    196956
  848    202978
  849    233340
  850    340556
  851    553433
  852    745183
  853    718132
  854    546561
  855    426597
  856    386040
  857    373210
  858    366801
  859    355914
  860    347062
  861    337215
  862    328135
  863    321779
  864    317448
  865    317409
  866    312153
  867    304951
  868    309624
  869    328867
  870    344528
  871    337714
  872    315415
  873    298383
  874    289108
  875    276059
  876    263414
  877    256141
  878    254728
  879    254157
  880    253928
  881    258021
  882    279445
  883    311024
  884    313095
  885    277165
  886    241834
  887    224902
  888    219359
  889    219464
  890    219955
  891    220971
  892    223138
  893    225246
  894    223407
  895    217822
  896    211480
  897    206752
  898    204191
  899    206084
  900    212981
  901    218264
  902    217115
  903    209577
  904    203653
  905    200201
  906    197380
  907    194517
  908    191565
  909    190858
  910    190901
  911    191748
  912    193109
  913    194846
  914    195728
  915    198790
  916    198648
  917    192737
  918    187620
  919    184903
  920    187217
  921    188440
  922    186763
  923    183260
  924    184225
  925    187975
  926    195168
  927    201858
  928    201430
  929    193709
  930    189678
  931    191974
  932    197003
  933    193937
  934    186275
  935    183015
  936    186629
  937    187496
  938    183089
  939    178938
  940    179832
  941    181057
  942    182973
  943    180374
  944    179036
  945    180351
  946    183035
  947    184506
  948    181979
  949    179541
  950    180010
  951    185479
  952    202012
  953    221736
  954    224010
  955    203459
  956    187139
  957    179453
  958    178695
  959    177905
  960    180324
  961    183624
  962    183608
  963    181420
  964    178700
  965    174859
  966    171710
  967    169538
  968    168906
  969    169185
  970    170509
  971    171277
  972    171710
  973    172624
  974    175549
  975    190208
  976    247398
  977    358576
  978    450991
  979    420723
  980    312777
  981    233576
  982    194485
  983    183383
  984    187276
  985    205572
  986    262462
  987    366006
  988    429893
  989    399082
  990    347372
  991    329302
  992    330393
  993    328805
  994    319722
  995    308963
  996    298050
  997    290200
  998    281432
  999    274613
 1000    268644
 1001    264918
 1002    262024
 1003    262652
 1004    262321
 1005    257109
 1006    247437
 1007    239107
 1008    233907
 1009    234853
 1010    239656
 1011    256014
 1012    278834
 1013    284039
 1014    260883
 1015    228509
 1016    211242
 1017    205648
 1018    200894
 1019    196904
 1020    194319
 1021    192739
 1022    191102
 1023    187536
 1024    184652
 1025    182250
 1026    180176
 1027    181126
 1028    180796
 1029    179401
 1030    178277
 1031    178975
 1032    181385
 1033    179578
 1034    177608
 1035    173432
 1036    168602
 1037    164973
 1038    164488
 1039    164619
 1040    164859
 1041    162919
 1042    160277
 1043    157551
 1044    156872
 1045    157122
 1046    155954
 1047    155925
 1048    154816
 1049    154968
 1050    154469
 1051    155697
 1052    154985
 1053    154632
 1054    155521
 1055    156570
 1056    157233
 1057    154792
 1058    153557
 1059    152827
 1060    151439
 1061    149463
 1062    148604
 1063    147574
 1064    146341
 1065    146501
 1066    149254
 1067    154784
 1068    158134
 1069    158065
 1070    154282
 1071    151523
 1072    148836
 1073    150333
 1074    165451
 1075    193667
 1076    217825
 1077    212852
 1078    197680
 1079    187511
 1080    176778
 1081    162943
 1082    149460
 1083    142923
 1084    140131
 1085    138863
 1086    138017
 1087    139602
 1088    140932
 1089    148086
 1090    174109
 1091    233442
 1092    301675
 1093    305715
 1094    237583
 1095    172575
 1096    147182
 1097    142974
 1098    143141
 1099    142887
 1100    141139
 1101    141855
 1102    141790
 1103    142794
 1104    142741
 1105    142960
 1106    140989
 1107    138424
 1108    136309
 1109    136038
 1110    136867
 1111    139316
 1112    144237
 1113    148117
 1114    148366
 1115    143572
 1116    138915
 1117    138026
 1118    139017
 1119    139120
 1120    137779
 1121    138201
 1122    142201
 1123    147513
 1124    149210
 1125    146415
 1126    143639
 1127    142127
 1128    141415
 1129    139492
 1130    142238
 1131    148793
 1132    152325
 1133    148017
 1134    140738
 1135    136408
 1136    142294
 1137    153206
 1138    159533
 1139    152578
 1140    140535
 1141    134255
 1142    133670
 1143    133285
 1144    131282
 1145    131328
 1146    132709
 1147    136854
 1148    140155
 1149    137776
 1150    133334
 1151    130952
 1152    132367
 1153    136444
 1154    140455
 1155    142531
 1156    139593
 1157    135128
 1158    131235
 1159    129158
 1160    128400
 1161    127035
 1162    126876
 1163    127303
 1164    126967
 1165    127657
 1166    128427
 1167    131131
 1168    136600
 1169    142946
 1170    145311
 1171    141548
 1172    135773
 1173    131954
 1174    129371
 1175    128137
 1176    127409
 1177    127127
 1178    129525
 1179    132728
 1180    136293
 1181    140245
 1182    142006
 1183    144750
 1184    144642
 1185    141208
 1186    136927
 1187    137633
 1188    141220
 1189    146203
 1190    159979
 1191    199781
 1192    253182
 1193    273899
 1194    248462
 1195    211164
 1196    187874
 1197    176208
 1198    173797
 1199    174636
 1200    174949
 1201    172517
 1202    169781
 1203    173384
 1204    185161
 1205    209945
 1206    232157
 1207    228633
 1208    211629
 1209    219794
 1210    251275
 1211    258297
 1212    220818
 1213    181490
 1214    162779
 1215    155100
 1216    149656
 1217    145362
 1218    141879
 1219    139919
 1220    141029
 1221    142585
 1222    143027
 1223    141160
 1224    139363
 1225    139883
 1226    139685
 1227    139963
 1228    137087
 1229    133682
 1230    131650
 1231    131038
 1232    129622
 1233    129496
 1234    130466
 1235    132499
 1236    131845
 1237    130974
 1238    135914
 1239    156235
 1240    186826
 1241    204972
 1242    193744
 1243    172287
 1244    157064
 1245    144906
 1246    136663
 1247    132860
 1248    128297
 1249    126787
 1250    125481
 1251    126278
 1252    127637
 1253    127006
 1254    124610
 1255    123524
 1256    123211
 1257    122315
 1258    122928
 1259    125110
 1260    131158
 1261    150543
 1262    208753
 1263    323179
 1264    414195
 1265    375486
 1266    249096
 1267    157831
 1268    129855
 1269    127361
 1270    136995
 1271    163602
 1272    209195
 1273    239075
 1274    217334
 1275    166465
 1276    133809
 1277    125885
 1278    133438
 1279    154400
 1280    194040
 1281    239980
 1282    249659
 1283    206328
 1284    153215
 1285    124973
 1286    115387
 1287    114057
 1288    113402
 1289    116122
 1290    119816
 1291    122590
 1292    121334
 1293    118142
 1294    115627
 1295    115812
 1296    117324
 1297    119287
 1298    118983
 1299    116471
 1300    117069
 1301    119851
 1302    123238
 1303    124073
 1304    121500
 1305    117616
 1306    115575
 1307    114609
 1308    113251
 1309    112817
 1310    110059
 1311    109448
 1312    108633
 1313    108792
 1314    110787
 1315    111190
 1316    113075
 1317    113357
 1318    111561
 1319    108415
 1320    106607
 1321    106460
 1322    106516
 1323    106348
 1324    106786
 1325    108535
 1326    112371
 1327    118944
 1328    126864
 1329    143546
 1330    181370
 1331    221555
 1332    216303
 1333    168178
 1334    127250
 1335    112751
 1336    111064
 1337    111606
 1338    112252
 1339    111332
 1340    109986
 1341    110801
 1342    111431
 1343    111597
 1344    109127
 1345    106503
 1346    105346
 1347    105831
 1348    106083
 1349    106965
 1350    108554
 1351    109340
 1352    107924
 1353    105958
 1354    105606
 1355    108173
 1356    114897
 1357    124516
 1358    133011
 1359    129337
 1360    119932
 1361    110140
 1362    104763
 1363    102633
 1364    103066
 1365    105634
 1366    106402
 1367    104741
 1368    103782
 1369    104372
 1370    106824
 1371    110975
 1372    119568
 1373    128288
 1374    129028
 1375    123542
 1376    119284
 1377    121431
 1378    126202
 1379    123836
 1380    114691
 1381    106456
 1382    102795
 1383    103575
 1384    105514
 1385    106455
 1386    106004
 1387    102889
 1388    101017
 1389    100044
 1390     99603
 1391     99601
 1392     98677
 1393     99324
 1394    100053
 1395    101915
 1396    103023
 1397    103682
 1398    103868
 1399    103287
 1400    104065
 1401    104818
 1402    105529
 1403    105094
 1404    104474
 1405    104518
 1406    104546
 1407    102072
 1408     99503
 1409     98855
 1410     99024
 1411    101865
 1412    103194
 1413    102689
 1414    101912
 1415    100577
 1416    100289
 1417    100525
 1418    101241
 1419    102508
 1420    103209
 1421    103750
 1422    102547
 1423    102008
 1424    102059
 1425    101200
 1426    101123
 1427    101634
 1428    103577
 1429    106414
 1430    110522
 1431    114764
 1432    113938
 1433    107992
 1434    101915
 1435     98451
 1436     97701
 1437     97631
 1438     97392
 1439     97166
 1440     97089
 1441     96418
 1442     96649
 1443     97497
 1444     98721
 1445    100682
 1446    102981
 1447    111079
 1448    133996
 1449    173583
 1450    203523
 1451    194256
 1452    152116
 1453    116890
 1454    101786
 1455     97531
 1456     96450
 1457     96523
 1458     95463
 1459     94543
 1460     93507
 1461     93429
 1462     92489
 1463     92456
 1464     93761
 1465     96173
 1466     98406
 1467     99263
 1468     98279
 1469     96925
 1470    101496
 1471    123807
 1472    169732
 1473    208581
 1474    199903
 1475    152472
 1476    116779
 1477    103757
 1478     98931
 1479     94983
 1480     95184
 1481     97241
 1482    100019
 1483    106094
 1484    124088
 1485    152657
 1486    169966
 1487    156903
 1488    130471
 1489    113604
 1490    107691
 1491    108410
 1492    108487
 1493    109025
 1494    108340
 1495    106046
 1496    105136
 1497    105347
 1498    105639
 1499    106274
 1500    106528
 1501    108119
 1502    107466
 1503    104779
 1504    103925
 1505    103347
 1506    102710
 1507    101731
 1508     99416
 1509     98888
 1510     97617
 1511     97637
 1512     97234
 1513     97214
 1514     96895
 1515     96282
 1516     95993
 1517     96260
 1518     98475
 1519    100450
 1520    101672
 1521    101001
 1522     98244
 1523     96089
 1524     93960
 1525     93069
 1526     92489
 1527     92952
 1528     92401
 1529     91205
 1530     89672
 1531     89824
 1532     90153
 1533     89708
 1534     90042
 1535     90771
 1536     92853
 1537     95353
 1538     98795
 1539     98689
 1540     95102
 1541     91735
 1542     89204
 1543     92033
 1544     97054
 1545    103670
 1546    104560
 1547     97859
 1548     91812
 1549     87248
 1550     85002
 1551     85286
 1552     86973
 1553     91410
 1554     95670
 1555     95339
 1556     92991
 1557     89332
 1558     87079
 1559     85588
 1560     84195
 1561     83762
 1562     84028
 1563     86617
 1564     90596
 1565     98524
 1566    111614
 1567    132236
 1568    153049
 1569    156485
 1570    131625
 1571    105419
 1572     92537
 1573     94784
 1574     99515
 1575     99110
 1576     93233
 1577     87559
 1578     86450
 1579     88176
 1580     91039
 1581     91510
 1582     89182
 1583     88131
 1584     88074
 1585     90171
 1586     91458
 1587     92577
 1588     93616
 1589     92632
 1590     89577
 1591     88883
 1592     90120
 1593     91981
 1594     92149
 1595     91514
 1596     88783
 1597     85812
 1598     84140
 1599     87203
 1600     96695
 1601    119812
 1602    155650
 1603    189329
 1604    188630
 1605    151392
 1606    110979
 1607     91767
 1608     86487
 1609     86349
 1610     87890
 1611     94050
 1612     98779
 1613     98314
 1614     92045
 1615     86470
 1616     85723
 1617     86345
 1618     86324
 1619     84709
 1620     82618
 1621     82025
 1622     80982
 1623     82306
 1624     82943
 1625     84457
 1626     87976
 1627     90897
 1628     95431
 1629     94638
 1630     89392
 1631     84925
 1632     82839
 1633     83247
 1634     82797
 1635     82136
 1636     80590
 1637     80237
 1638     79878
 1639     79541
 1640     78996
 1641     81013
 1642     84444
 1643     88750
 1644     91962
 1645     89565
 1646     84218
 1647     81307
 1648     81913
 1649     88119
 1650     98146
 1651    108152
 1652    108520
 1653     98894
 1654     88727
 1655     81322
 1656     79211
 1657     78079
 1658     76782
 1659     75847
 1660     75542
 1661     76358
 1662     78558
 1663     81200
 1664     84848
 1665     86426
 1666     85403
 1667     82046
 1668     79349
 1669     77091
 1670     77085
 1671     78096
 1672     78310
 1673     79358
 1674     80489
 1675     82550
 1676     85267
 1677     88742
 1678     91361
 1679     90627
 1680     87621
 1681     83943
 1682     84482
 1683     84237
 1684     83710
 1685     82081
 1686     80402
 1687     79387
 1688     77320
 1689     74872
 1690     74747
 1691     75512
 1692     76854
 1693     78104
 1694     79791
 1695     78700
 1696     76876
 1697     74852
 1698     74661
 1699     74772
 1700     76838
 1701     78965
 1702     80807
 1703     81341
 1704     78894
 1705     77184
 1706     75526
 1707     75059
 1708     75673
 1709     76045
 1710     76929
 1711     78251
 1712     80588
 1713     81001
 1714     80580
 1715     81368
 1716     84364
 1717     88552
 1718     90377
 1719     91728
 1720    101004
 1721    116672
 1722    124947
 1723    119820
 1724    106673
 1725     93386
 1726     86005
 1727     81423
 1728     83824
 1729     90871
 1730    104958
 1731    115944
 1732    114698
 1733    100717
 1734     87239
 1735     81430
 1736     79948
 1737     80829
 1738     83430
 1739     85676
 1740     87603
 1741     87520
 1742     88692
 1743     89164
 1744     89833
 1745     92245
 1746    103703
 1747    127400
 1748    149137
 1749    147906
 1750    121223
 1751     93887
 1752     80786
 1753     76573
 1754     76331
 1755     78102
 1756     85219
 1757    102723
 1758    129460
 1759    147971
 1760    137655
 1761    107490
 1762     84996
 1763     78108
 1764     79485
 1765     83801
 1766     86520
 1767     85818
 1768     83553
 1769     84586
 1770     85067
 1771     85414
 1772     81905
 1773     80592
 1774     80818
 1775     82292
 1776     84218
 1777     84031
 1778     81189
 1779     79320
 1780     76165
 1781     73558
 1782     72400
 1783     71769
 1784     71202
 1785     71097
 1786     71088
 1787     70993
 1788     71166
 1789     70978
 1790     70184
 1791     70083
 1792     70109
 1793     71009
 1794     72088
 1795     72526
 1796     72252
 1797     71669
 1798     70469
 1799     71539
 1800     72121
 1801     72237
 1802     71142
 1803     70137
 1804     68857
 1805     69168
 1806     68811
 1807     69337
 1808     69182
 1809     69384
 1810     69545
 1811     70694
 1812     70540
 1813     69633
 1814     68270
 1815     67088
 1816     67086
 1817     68252
 1818     71048
 1819     74995
 1820     78278
 1821     78375
 1822     77053
 1823     74840
 1824     72890
 1825     73961
 1826     76046
 1827     75716
 1828     72931
 1829     69008
 1830     67870
 1831     67499
 1832     67306
 1833     67384
 1834     67925
 1835     69075
 1836     69841
 1837     69401
 1838     67487
 1839     67215
 1840     66186
 1841     67996
 1842     68913
 1843     69127
 1844     70890
 1845     76670
 1846     89027
 1847    113047
 1848    142661
 1849    155878
 1850    137147
 1851    102909
 1852     80461
 1853     74359
 1854     76484
 1855     79914
 1856     81496
 1857     82249
 1858     87234
 1859     99862
 1860    112029
 1861    108391
 1862     90858
 1863     75499
 1864     66778
 1865     64369
 1866     63001
 1867     63212
 1868     63643
 1869     65569
 1870     69677
 1871     72768
 1872     73221
 1873     70384
 1874     67026
 1875     65144
 1876     65219
 1877     67174
 1878     71022
 1879     72455
 1880     71314
 1881     67491
 1882     64486
 1883     63428
 1884     63814
 1885     65295
 1886     67085
 1887     66102
 1888     64236
 1889     63062
 1890     63399
 1891     64380
 1892     63998
 1893     63753
 1894     62152
 1895     61931
 1896     61840
 1897     62312
 1898     61393
 1899     60498
 1900     60598
 1901     60536
 1902     62317
 1903     64555
 1904     67726
 1905     67519
 1906     64974
 1907     62188
 1908     61550
 1909     62252
 1910     65303
 1911     70598
 1912     76379
 1913     77710
 1914     72885
 1915     65491
 1916     61127
 1917     60087
 1918     60744
 1919     61246
 1920     61149
 1921     61502
 1922     62425
 1923     62634
 1924     63263
 1925     63080
 1926     63964
 1927     64731
 1928     65392
 1929     64028
 1930     62803
 1931     61987
 1932     61480
 1933     61685
 1934     63306
 1935     65797
 1936     66735
 1937     65647
 1938     63723
 1939     61880
 1940     60317
 1941     60260
 1942     59439
 1943     59449
 1944     59676
 1945     59094
 1946     58929
 1947     58498
 1948     58968
 1949     58973
 1950     58621
 1951     57787
 1952     58212
 1953     59582
 1954     62166
 1955     66219
 1956     68882
 1957     67514
 1958     63111
 1959     59311
 1960     58846
 1961     59460
 1962     60721
 1963     60725
 1964     60042
 1965     59454
 1966     59363
 1967     60075
 1968     62061
 1969     64829
 1970     67759
 1971     70356
 1972     73724
 1973     75621
 1974     74015
 1975     68368
 1976     62452
 1977     59251
 1978     59399
 1979     62074
 1980     65536
 1981     67933
 1982     66644
 1983     63874
 1984     61824
 1985     63434
 1986     68595
 1987     75818
 1988     79225
 1989     75908
 1990     69006
 1991     64024
 1992     61246
 1993     59369
 1994     59427
 1995     60561
 1996     61900
 1997     63133
 1998     62966
 1999     60562
 2000     58826
 2001     57792
 2002     57703
 2003     58130
 2004     57108
 2005     57665
 2006     57831
 2007     59124
 2008     60018
 2009     60518
 2010     61030
 2011     62020
 2012     62743
 2013     62433
 2014     61320
 2015     59424
 2016     59439
 2017     58986
 2018     58869
 2019     58229
 2020     58910
 2021     62403
 2022     72488
 2023     83888
 2024     89968
 2025     84852
 2026     73203
 2027     63552
 2028     58307
 2029     57154
 2030     60560
 2031     65317
 2032     73430
 2033     78853
 2034     77289
 2035     69016
 2036     61917
 2037     57991
 2038     57155
 2039     55967
 2040     55131
 2041     54534
 2042     54617
 2043     54437
 2044     56050
 2045     58880
 2046     63662
 2047     69803
 2048     73345
 2049     71057
 2050     65411
 2051     61674
 2052     59940
 2053     58664
 2054     56270
 2055     54475
 2056     53841
 2057     53723
 2058     54282
 2059     56026
 2060     55975
 2061     55626
 2062     54082
 2063     53476
 2064     52841
 2065     52397
 2066     52051
 2067     52194
 2068     52527
 2069     53055
 2070     53992
 2071     56703
 2072     58097
 2073     58381
 2074     59552
 2075     63175
 2076     73160
 2077     82434
 2078     83765
 2079     73658
 2080     62588
 2081     56471
 2082     54821
 2083     56094
 2084     60609
 2085     73281
 2086     97256
 2087    122445
 2088    129102
 2089    108379
 2090     82214
 2091     68467
 2092     65569
 2093     63489
 2094     59348
 2095     55873
 2096     55150
 2097     55277
 2098     56501
 2099     57906
 2100     61513
 2101     68871
 2102     79456
 2103     86969
 2104     86218
 2105     75961
 2106     68678
 2107     63293
 2108     60217
 2109     57723
 2110     56572
 2111     57511
 2112     60634
 2113     63334
 2114     63574
 2115     60087
 2116     57322
 2117     57172
 2118     57542
 2119     58816
 2120     58277
 2121     56278
 2122     55459
 2123     56128
 2124     57027
 2125     57106
 2126     56824
 2127     55123
 2128     54354
 2129     53801
 2130     53281
 2131     53026
 2132     52530
 2133     53528
 2134     55713
 2135     57380
 2136     58913
 2137     58807
 2138     56600
 2139     54534
 2140     53545
 2141     53960
 2142     54788
 2143     55825
 2144     55665
 2145     54895
 2146     52789
 2147     51528
 2148     50846
 2149     49983
 2150     50242
 2151     50584
 2152     52075
 2153     55648
 2154     58860
 2155     60732
 2156     59535
 2157     57218
 2158     55090
 2159     53054
 2160     51066
 2161     49733
 2162     50098
 2163     50975
 2164     51208
 2165     51914
 2166     52337
 2167     51870
 2168     53000
 2169     54439
 2170     54640
 2171     54326
 2172     52816
 2173     51332
 2174     51490
 2175     53257
 2176     55169
 2177     56311
 2178     55704
 2179     55737
 2180     57546
 2181     59203
 2182     58072
 2183     58733
 2184     62703
 2185     66780
 2186     67591
 2187     62094
 2188     54893
 2189     50576
 2190     48985
 2191     48862
 2192     49248
 2193     50647
 2194     53366
 2195     55969
 2196     56479
 2197     55084
 2198     54196
 2199     53614
 2200     52668
 2201     51134
 2202     52077
 2203     55275
 2204     57425
 2205     57415
 2206     56726
 2207     57799
 2208     62379
 2209     65709
 2210     63376
 2211     57677
 2212     52428
 2213     49699
 2214     48713
 2215     48204
 2216     48128
 2217     47840
 2218     47781
 2219     47473
 2220     47464
 2221     47327
 2222     47597
 2223     48187
 2224     48996
 2225     49770
 2226     49906
 2227     49269
 2228     47957
 2229     47096
 2230     47040
 2231     48686
 2232     49510
 2233     49435
 2234     49595
 2235     49351
 2236     48952
 2237     47789
 2238     46777
 2239     46451
 2240     45162
 2241     45878
 2242     45930
 2243     46925
 2244     47562
 2245     49234
 2246     49933
 2247     50410
 2248     49211
 2249     47758
 2250     46272
 2251     45585
 2252     45741
 2253     45400
 2254     45571
 2255     45808
 2256     46747
 2257     46590
 2258     47968
 2259     47500
 2260     46598
 2261     46276
 2262     46586
 2263     47109
 2264     47371
 2265     47097
 2266     46739
 2267     46699
 2268     47097
 2269     48102
 2270     48616
 2271     47324
 2272     46905
 2273     46094
 2274     45508
 2275     45685
 2276     45992
 2277     46085
 2278     46014
 2279     45276
 2280     45169
 2281     45818
 2282     45995
 2283     46988
 2284     49174
 2285     49512
 2286     48863
 2287     48553
 2288     47923
 2289     48019
 2290     47137
 2291     45663
 2292     44432
 2293     43731
 2294     44250
 2295     44802
 2296     47105
 2297     53126
 2298     61213
 2299     65886
 2300     62734
 2301     55138
 2302     49637
 2303     47736
 2304     47615
 2305     48547
 2306     47489
 2307     45640
 2308     44450
 2309     44299
 2310     43810
 2311     44342
 2312     44588
 2313     44411
 2314     44107
 2315     43834
 2316     44030
 2317     44775
 2318     45184
 2319     46106
 2320     46557
 2321     45698
 2322     44882
 2323     45113
 2324     45528
 2325     45432
 2326     45184
 2327     44266
 2328     44067
 2329     44326
 2330     44471
 2331     45532
 2332     46637
 2333     48447
 2334     50960
 2335     53177
 2336     54082
 2337     52904
 2338     49670
 2339     46077
 2340     44214
 2341     43232
 2342     42757
 2343     43662
 2344     44667
 2345     46172
 2346     47762
 2347     48347
 2348     47354
 2349     45520
 2350     44093
 2351     42952
 2352     42752
 2353     43336
 2354     44668
 2355     48162
 2356     54103
 2357     59935
 2358     61325
 2359     57189
 2360     50878
 2361     46882
 2362     45900
 2363     45713
 2364     46037
 2365     45755
 2366     45943
 2367     45323
 2368     45311
 2369     44822
 2370     43807
 2371     43335
 2372     43058
 2373     43684
 2374     44562
 2375     45906
 2376     47674
 2377     48556
 2378     47445
 2379     46107
 2380     45070
 2381     44996
 2382     45052
 2383     45630
 2384     45664
 2385     45789
 2386     44254
 2387     42785
 2388     41766
 2389     42061
 2390     41910
 2391     41824
 2392     41984
 2393     41410
 2394     41325
 2395     41250
 2396     41225
 2397     40436
 2398     40226
 2399     40402
 2400     40870
 2401     41322
 2402     42348
 2403     42493
 2404     42878
 2405     42766
 2406     42656
 2407     42546
 2408     43094
 2409     43172
 2410     42892
 2411     42783
 2412     42428
 2413     42365
 2414     42085
 2415     41900
 2416     42412
 2417     43750
 2418     44428
 2419     44411
 2420     43512
 2421     44025
 2422     44793
 2423     45475
 2424     45532
 2425     45350
 2426     44572
 2427     44151
 2428     43181
 2429     42156
 2430     42124
 2431     42023
 2432     42618
 2433     43142
 2434     43104
 2435     43716
 2436     43728
 2437     43826
 2438     43597
 2439     43963
 2440     45006
 2441     45456
 2442     45676
 2443     46227
 2444     48048
 2445     51528
 2446     54135
 2447     55480
 2448     54622
 2449     51770
 2450     47794
 2451     45832
 2452     45318
 2453     44553
 2454     44123
 2455     43454
 2456     42839
 2457     43699
 2458     43854
 2459     44087
 2460     44383
 2461     44083
 2462     45197
 2463     45297
 2464     46665
 2465     48355
 2466     49110
 2467     48688
 2468     47033
 2469     46336
 2470     46770
 2471     48734
 2472     49769
 2473     48641
 2474     45898
 2475     44368
 2476     44127
 2477     45865
 2478     47799
 2479     48458
 2480     47335
 2481     45619
 2482     44209
 2483     42214
 2484     41122
 2485     39995
 2486     40759
 2487     42283
 2488     43376
 2489     43701
 2490     42821
 2491     41043
 2492     40006
 2493     39784
 2494     39493
 2495     39290
 2496     38886
 2497     38961
 2498     38699
 2499     39308
 2500     39271
 2501     39176
 2502     39198
 2503     40160
 2504     39940
 2505     39981
 2506     39602
 2507     38650
 2508     38404
 2509     39386
 2510     40242
 2511     41963
 2512     42183
 2513     42244
 2514     42264
 2515     42007
 2516     41668
 2517     40963
 2518     41033
 2519     42317
 2520     44652
 2521     46380
 2522     47162
 2523     45106
 2524     42605
 2525     40223
 2526     39240
 2527     40030
 2528     41340
 2529     41728
 2530     41257
 2531     40845
 2532     40200
 2533     40111
 2534     40667
 2535     41524
 2536     43170
 2537     44557
 2538     46110
 2539     51197
 2540     64050
 2541     83382
 2542    100835
 2543    100341
 2544     80334
 2545     58797
 2546     44830
 2547     40367
 2548     38879
 2549     38680
 2550     39486
 2551     39765
 2552     38959
 2553     38103
 2554     38283
 2555     38322
 2556     38784
 2557     39440
 2558     39992
 2559     40395
 2560     40794
 2561     42132
 2562     42519
 2563     42000
 2564     41006
 2565     40674
 2566     40430
 2567     40578
 2568     39458
 2569     38864
 2570     38509
 2571     38139
 2572     38265
 2573     38294
 2574     38517
 2575     38350
 2576     38112
 2577     37925
 2578     37092
 2579     36555
 2580     36761
 2581     37402
 2582     38134
 2583     38974
 2584     39160
 2585     40176
 2586     41222
 2587     42369
 2588     43122
 2589     42375
 2590     40902
 2591     39314
 2592     38126
 2593     37497
 2594     36796
 2595     36453
 2596     36572
 2597     36856
 2598     36815
 2599     36463
 2600     36230
 2601     36079
 2602     36158
 2603     37183
 2604     38145
 2605     39893
 2606     41850
 2607     42792
 2608     42445
 2609     40973
 2610     39823
 2611     39179
 2612     38016
 2613     37078
 2614     36659
 2615     36297
 2616     36053
 2617     36039
 2618     35942
 2619     35784
 2620     35949
 2621     35405
 2622     35295
 2623     35340
 2624     35399
 2625     35910
 2626     36425
 2627     36464
 2628     36433
 2629     37037
 2630     37270
 2631     37226
 2632     37613
 2633     37678
 2634     38001
 2635     38401
 2636     38040
 2637     37180
 2638     36850
 2639     36760
 2640     36194
 2641     36419
 2642     36167
 2643     36065
 2644     35809
 2645     35612
 2646     35317
 2647     35645
 2648     35845
 2649     35777
 2650     35420
 2651     35250
 2652     35225
 2653     35524
 2654     36851
 2655     37436
 2656     39155
 2657     40903
 2658     41739
 2659     41749
 2660     39688
 2661     37660
 2662     36608
 2663     36340
 2664     35832
 2665     36001
 2666     36696
 2667     36984
 2668     37614
 2669     37057
 2670     36545
 2671     36785
 2672     36583
 2673     36280
 2674     36554
 2675     36754
 2676     37314
 2677     37512
 2678     37046
 2679     35710
 2680     35129
 2681     34939
 2682     34404
 2683     34739
 2684     35313
 2685     35356
 2686     36211
 2687     36051
 2688     35780
 2689     35879
 2690     35153
 2691     35216
 2692     35046
 2693     34934
 2694     34794
 2695     34259
 2696     34842
 2697     35556
 2698     35957
 2699     36460
 2700     37116
 2701     36585
 2702     35509
 2703     34718
 2704     34983
 2705     35280
 2706     35267
 2707     35534
 2708     35322
 2709     35521
 2710     35586
 2711     35634
 2712     36553
 2713     37740
 2714     38438
 2715     37784
 2716     37181
 2717     37425
 2718     37993
 2719     38377
 2720     37426
 2721     36095
 2722     35072
 2723     34811
 2724     35002
 2725     36091
 2726     36751
 2727     36749
 2728     36213
 2729     35104
 2730     34360
 2731     34017
 2732     33926
 2733     34139
 2734     34682
 2735     35135
 2736     35343
 2737     35712
 2738     35648
 2739     35520
 2740     35556
 2741     36342
 2742     37648
 2743     39358
 2744     39429
 2745     38621
 2746     37072
 2747     35116
 2748     33812
 2749     34089
 2750     34664
 2751     35269
 2752     36617
 2753     36912
 2754     37936
 2755     38488
 2756     38751
 2757     38351
 2758     37453
 2759     37112
 2760     36268
 2761     35708
 2762     35863
 2763     35957
 2764     36198
 2765     35758
 2766     35262
 2767     35212
 2768     35174
 2769     35391
 2770     35996
 2771     36809
 2772     37887
 2773     39253
 2774     39649
 2775     39957
 2776     39263
 2777     38361
 2778     37142
 2779     36039
 2780     35190
 2781     35129
 2782     34961
 2783     34916
 2784     34890
 2785     35856
 2786     37092
 2787     39708
 2788     40965
 2789     41079
 2790     40015
 2791     38890
 2792     37264
 2793     35414
 2794     34933
 2795     34347
 2796     35024
 2797     35425
 2798     37190
 2799     38286
 2800     39117
 2801     38589
 2802     37330
 2803     36147
 2804     34906
 2805     34485
 2806     35095
 2807     36096
 2808     36944
 2809     37602
 2810     38364
 2811     39257
 2812     39852
 2813     38552
 2814     36857
 2815     35232
 2816     34361
 2817     34025
 2818     34027
 2819     33676
 2820     33957
 2821     33757
 2822     33970
 2823     33853
 2824     33644
 2825     33093
 2826     33023
 2827     32798
 2828     33106
 2829     33703
 2830     33726
 2831     34608
 2832     34840
 2833     34845
 2834     34905
 2835     34417
 2836     34574
 2837     33767
 2838     33358
 2839     33324
 2840     33840
 2841     34587
 2842     35181
 2843     35314
 2844     34551
 2845     33816
 2846     33377
 2847     33396
 2848     33214
 2849     33104
 2850     33174
 2851     32625
 2852     31939
 2853     31637
 2854     31113
 2855     31085
 2856     30790
 2857     31627
 2858     32954
 2859     33824
 2860     34266
 2861     34489
 2862     33953
 2863     34137
 2864     34195
 2865     34114
 2866     33025
 2867     32024
 2868     31754
 2869     32491
 2870     32709
 2871     32606
 2872     31864
 2873     31814
 2874     31903
 2875     32036
 2876     32338
 2877     33272
 2878     34447
 2879     34958
 2880     35059
 2881     33129
 2882     32091
 2883     31159
 2884     30503
 2885     30393
 2886     30028
 2887     31009
 2888     30986
 2889     30988
 2890     31058
 2891     31033
 2892     31361
 2893     31852
 2894     31738
 2895     32331
 2896     33520
 2897     35396
 2898     38761
 2899     43447
 2900     46836
 2901     46387
 2902     40768
 2903     36962
 2904     35071
 2905     35934
 2906     38364
 2907     42126
 2908     44050
 2909     41550
 2910     36899
 2911     32167
 2912     30188
 2913     29827
 2914     30156
 2915     31289
 2916     32574
 2917     32628
 2918     31877
 2919     31041
 2920     29829
 2921     29211
 2922     29103
 2923     29508
 2924     29726
 2925     30206
 2926     30817
 2927     31308
 2928     31690
 2929     32367
 2930     33980
 2931     37136
 2932     39569
 2933     40680
 2934     38260
 2935     34153
 2936     30367
 2937     28959
 2938     28244
 2939     28465
 2940     29305
 2941     29235
 2942     29500
 2943     29396
 2944     28859
 2945     29512
 2946     30356
 2947     31591
 2948     31967
 2949     30955
 2950     30088
 2951     28993
 2952     28602
 2953     28687
 2954     28602
 2955     28354
 2956     28183
 2957     28277
 2958     28050
 2959     28267
 2960     28998
 2961     29541
 2962     30745
 2963     30927
 2964     31038
 2965     31188
 2966     30640
 2967     29836
 2968     28827
 2969     27757
 2970     27312
 2971     27055
 2972     27428
 2973     26978
 2974     27314
 2975     28030
 2976     28439
 2977     30000
 2978     31684
 2979     33082
 2980     32751
 2981     31921
 2982     31012
 2983     30520
 2984     29903
 2985     29669
 2986     28602
 2987     28284
 2988     28398
 2989     28716
 2990     28539
 2991     28366
 2992     28559
 2993     28491
 2994     28159
 2995     27795
 2996     27769
 2997     27566
 2998     28209
 2999     28796
 3000     29028
 3001     29171
 3002     28532
 3003     28414
 3004     28125
 3005     27709
 3006     27350
 3007     27401
 3008     27256
 3009     27608
 3010     27958
 3011     27960
 3012     28249
 3013     27417
 3014     27582
 3015     27875
 3016     29472
 3017     33009
 3018     35872
 3019     37074
 3020     35690
 3021     32341
 3022     29970
 3023     28266
 3024     27520
 3025     27039
 3026     26573
 3027     26355
 3028     26050
 3029     25468
 3030     25294
 3031     25102
 3032     24532
 3033     24627
 3034     24963
 3035     25301
 3036     25233
 3037     25371
 3038     25158
 3039     25379
 3040     25378
 3041     25734
 3042     25955
 3043     25963
 3044     25700
 3045     25448
 3046     25752
 3047     26109
 3048     26907
 3049     26881
 3050     26980
 3051     26569
 3052     27374
 3053     26796
 3054     25573
 3055     24955
 3056     25010
 3057     25074
 3058     24805
 3059     25126
 3060     24937
 3061     24858
 3062     24716
 3063     24411
 3064     23973
 3065     24392
 3066     24560
 3067     24515
 3068     25315
 3069     25461
 3070     25484
 3071     25638
 3072     25034
 3073     24705
 3074     25112
 3075     25407
 3076     25956
 3077     26487
 3078     26349
 3079     25547
 3080     25133
 3081     24184
 3082     24104
 3083     24262
 3084     24304
 3085     24657
 3086     24663
 3087     24399
 3088     24305
 3089     23987
 3090     24107
 3091     24266
 3092     24977
 3093     24996
 3094     25494
 3095     26042
 3096     26506
 3097     28128
 3098     29267
 3099     30628
 3100     30614
 3101     28687
 3102     26872
 3103     25535
 3104     24645
 3105     24605
 3106     24743
 3107     24369
 3108     24353
 3109     24126
 3110     24166
 3111     24546
 3112     24680
 3113     24632
 3114     24462
 3115     24386
 3116     23855
 3117     24168
 3118     24493
 3119     23910
 3120     24040
 3121     24663
 3122     25293
 3123     26585
 3124     26437
 3125     25649
 3126     24614
 3127     24035
 3128     24002
 3129     23640
 3130     23688
 3131     23752
 3132     23356
 3133     22987
 3134     23000
 3135     23018
 3136     22812
 3137     22575
 3138     22844
 3139     23358
 3140     23894
 3141     24778
 3142     24752
 3143     25033
 3144     24738
 3145     25051
 3146     25085
 3147     25443
 3148     25924
 3149     27118
 3150     27159
 3151     27243
 3152     26973
 3153     26991
 3154     27959
 3155     29567
 3156     30170
 3157     31754
 3158     31534
 3159     31585
 3160     31776
 3161     31554
 3162     32000
 3163     32465
 3164     32952
 3165     33374
 3166     33310
 3167     33207
 3168     32457
 3169     31430
 3170     30840
 3171     32426
 3172     38932
 3173     56653
 3174     97838
 3175    169440
 3176    255614
 3177    305518
 3178    280404
 3179    195220
 3180    106122
 3181     52062
 3182     28954
 3183     22331
 3184     21106
 3185     20983
 3186     20767
 3187     21528
 3188     22273
 3189     23859
 3190     26778
 3191     31290
 3192     34902
 3193     35277
 3194     31854
 3195     28634
 3196     26480
 3197     26427
 3198     26925
 3199     26817
 3200     25302
 3201     23384
 3202     22657
 3203     22441
 3204     22237
 3205     22082
 3206     21689
 3207     21315
 3208     21127
 3209     20780
 3210     20661
 3211     20609
 3212     21048
 3213     21348
 3214     21523
 3215     21210
 3216     21020
 3217     20463
 3218     19855
 3219     19906
 3220     19716
 3221     19647
 3222     19831
 3223     20006
 3224     20428
 3225     20410
 3226     20512
 3227     20720
 3228     20155
 3229     20640
 3230     20572
 3231     20448
 3232     20071
 3233     19854
 3234     19467
 3235     19764
 3236     19363
 3237     19649
 3238     19584
 3239     20086
 3240     20316
 3241     20787
 3242     22137
 3243     23968
 3244     26150
 3245     28235
 3246     28575
 3247     26821
 3248     24528
 3249     22463
 3250     21384
 3251     21414
 3252     21706
 3253     22400
 3254     23211
 3255     23150
 3256     22887
 3257     21811
 3258     20791
 3259     20192
 3260     20594
 3261     20761
 3262     21267
 3263     21505
 3264     21213
 3265     20714
 3266     21099
 3267     21280
 3268     20833
 3269     20417
 3270     20307
 3271     20269
 3272     20645
 3273     20612
 3274     20877
 3275     20712
 3276     20224
 3277     20021
 3278     19274
 3279     18958
 3280     18939
 3281     19362
 3282     19524
 3283     19543
 3284     19688
 3285     19782
 3286     19987
 3287     20397
 3288     20453
 3289     20372
 3290     20737
 3291     20646
 3292     20430
 3293     20494
 3294     20453
 3295     21011
 3296     21479
 3297     20962
 3298     20805
 3299     19816
 3300     19168
 3301     19057
 3302     18495
 3303     18650
 3304     18889
 3305     19116
 3306     18850
 3307     18799
 3308     18573
 3309     18467
 3310     18295
 3311     18371
 3312     18517
 3313     18607
 3314     18949
 3315     19330
 3316     19719
 3317     19417
 3318     18954
 3319     18796
 3320     18658
 3321     18833
 3322     19219
 3323     19405
 3324     19983
 3325     20026
 3326     20035
 3327     19915
 3328     19281
 3329     18696
 3330     18327
 3331     18233
 3332     18235
 3333     18156
 3334     18302
 3335     18351
 3336     18052
 3337     18107
 3338     18187
 3339     18279
 3340     18088
 3341     18853
 3342     18812
 3343     19125
 3344     18901
 3345     18826
 3346     18557
 3347     18496
 3348     18292
 3349     18218
 3350     17890
 3351     17764
 3352     17657
 3353     17928
 3354     17682
 3355     17797
 3356     18350
 3357     18269
 3358     18460
 3359     19118
 3360     19989
 3361     20921
 3362     23169
 3363     24744
 3364     26086
 3365     24826
 3366     22150
 3367     20218
 3368     18534
 3369     17922
 3370     17739
 3371     17233
 3372     17328
 3373     17380
 3374     17376
 3375     17266
 3376     17518
 3377     17638
 3378     17524
 3379     17739
 3380     17741
 3381     18147
 3382     18686
 3383     18711
 3384     18636
 3385     18311
 3386     18582
 3387     17951
 3388     17427
 3389     17486
 3390     17697
 3391     17696
 3392     18372
 3393     17752
 3394     17811
 3395     17864
 3396     17577
 3397     17816
 3398     17686
 3399     17826
 3400     17661
 3401     17531
 3402     17247
 3403     17134
 3404     16801
 3405     17005
 3406     16946
 3407     17127
 3408     17153
 3409     17202
 3410     16895
 3411     16852
 3412     16925
 3413     17484
 3414     18424
 3415     19772
 3416     20809
 3417     20940
 3418     19815
 3419     18395
 3420     17429
 3421     17209
 3422     17631
 3423     17322
 3424     17314
 3425     17440
 3426     17454
 3427     17702
 3428     17880
 3429     17731
 3430     17879
 3431     17188
 3432     17428
 3433     17071
 3434     17145
 3435     17345
 3436     17805
 3437     18070
 3438     18243
 3439     18063
 3440     17683
 3441     17094
 3442     16842
 3443     16655
 3444     16630
 3445     17177
 3446     18642
 3447     20890
 3448     24317
 3449     27005
 3450     28238
 3451     25972
 3452     23552
 3453     23220
 3454     26696
 3455     33550
 3456     40827
 3457     42923
 3458     38304
 3459     30133
 3460     22845
 3461     18782
 3462     16788
 3463     16435
 3464     16079
 3465     16347
 3466     16568
 3467     16930
 3468     17261
 3469     18236
 3470     19285
 3471     20322
 3472     20434
 3473     19439
 3474     18117
 3475     17319
 3476     17292
 3477     17175
 3478     17523
 3479     18212
 3480     18583
 3481     18483
 3482     17910
 3483     17207
 3484     16571
 3485     16562
 3486     16305
 3487     16451
 3488     16314
 3489     16350
 3490     16284
 3491     16334
 3492     16400
 3493     16240
 3494     16205
 3495     16304
 3496     16118
 3497     16352
 3498     16369
 3499     16199
 3500     16229
 3501     16431
 3502     16708
 3503     16944
 3504     17111
 3505     17287
 3506     16980
 3507     16563
 3508     16799
 3509     16650
 3510     16370
 3511     16074
 3512     16004
 3513     16069
 3514     16067
 3515     16290
 3516     16746
 3517     16523
 3518     16606
 3519     16456
 3520     15826
 3521     15708
 3522     15533
 3523     15484
 3524     15684
 3525     15562
 3526     15964
 3527     16018
 3528     15975
 3529     15987
 3530     16137
 3531     15455
 3532     15556
 3533     15616
 3534     15425
 3535     15688
 3536     15390
 3537     15273
 3538     15098
 3539     15048
 3540     15070
 3541     15071
 3542     15512
 3543     15956
 3544     16044
 3545     16530
 3546     16419
 3547     15967
 3548     16112
 3549     16181
 3550     16058
 3551     16063
 3552     15893
 3553     16152
 3554     16333
 3555     16054
 3556     16505
 3557     16963
 3558     17600
 3559     18145
 3560     18297
 3561     18072
 3562     17613
 3563     17133
 3564     16495
 3565     15978
 3566     15620
 3567     15510
 3568     15431
 3569     15462
 3570     15126
 3571     15314
 3572     15282
 3573     15127
 3574     15239
 3575     15603
 3576     15529
 3577     16070
 3578     16293
 3579     16489
 3580     16491
 3581     15708
 3582     15427
 3583     14888
 3584     14760
 3585     14635
 3586     14796
 3587     14917
 3588     15065
 3589     15124
 3590     15162
 3591     15349
 3592     15388
 3593     15724
 3594     15636
 3595     15527
 3596     15660
 3597     15656
 3598     15764
 3599     15675
 3600     15309
 3601     15409
 3602     15492
 3603     15712
 3604     15813
 3605     15659
 3606     15624
 3607     15668
 3608     15922
 3609     15626
 3610     15997
 3611     16498
 3612     16663
 3613     16887
 3614     16910
 3615     16405
 3616     16098
 3617     15431
 3618     15260
 3619     15118
 3620     15093
 3621     14917
 3622     14899
 3623     15067
 3624     14917
 3625     15196
 3626     15125
 3627     14961
 3628     14935
 3629     14940
 3630     14750
 3631     14879
 3632     14401
 3633     14226
 3634     14195
 3635     14484
 3636     14755
 3637     14872
 3638     14912
 3639     15057
 3640     15036
 3641     14932
 3642     14847
 3643     14798
 3644     14730
 3645     15002
 3646     14832
 3647     14675
 3648     14493
 3649     14816
 3650     14817
 3651     14711
 3652     14809
 3653     15195
 3654     15341
 3655     15096
 3656     14929
 3657     15126
 3658     14855
 3659     14789
 3660     14938
 3661     15382
 3662     15871
 3663     16176
 3664     16243
 3665     15918
 3666     15834
 3667     15392
 3668     14645
 3669     14858
 3670     14775
 3671     15133
 3672     15253
 3673     15611
 3674     15722
 3675     16037
 3676     16381
 3677     16963
 3678     17030
 3679     16849
 3680     16373
 3681     16727
 3682     17040
 3683     16978
 3684     16836
 3685     16381
 3686     16265
 3687     15582
 3688     15654
 3689     15455
 3690     15397
 3691     15540
 3692     15608
 3693     15443
 3694     15573
 3695     16059
 3696     16484
 3697     16401
 3698     16004
 3699     15717
 3700     15342
 3701     15325
 3702     15680
 3703     15431
 3704     15494
 3705     14889
 3706     14661
 3707     14477
 3708     14450
 3709     14251
 3710     14328
 3711     14553
 3712     14606
 3713     15003
 3714     15269
 3715     15581
 3716     15608
 3717     15256
 3718     14899
 3719     15152
 3720     14534
 3721     14309
 3722     14324
 3723     14536
 3724     14188
 3725     14137
 3726     14214
 3727     14055
 3728     14086
 3729     14022
 3730     14387
 3731     15442
 3732     16994
 3733     20501
 3734     25270
 3735     30674
 3736     34175
 3737     33246
 3738     28036
 3739     22133
 3740     17587
 3741     15107
 3742     14130
 3743     13892
 3744     13397
 3745     13252
 3746     13218
 3747     13255
 3748     13350
 3749     13373
 3750     13357
 3751     13600
 3752     13339
 3753     13758
 3754     13940
 3755     13574
 3756     13652
 3757     13904
 3758     13804
 3759     13820
 3760     13444
 3761     13562
 3762     13159
 3763     13246
 3764     13079
 3765     13031
 3766     13056
 3767     12808
 3768     12950
 3769     12772
 3770     12748
 3771     12775
 3772     12638
 3773     12971
 3774     13046
 3775     13260
 3776     13115
 3777     13321
 3778     13472
 3779     13483
 3780     13757
 3781     13842
 3782     13748
 3783     13370
 3784     13497
 3785     13039
 3786     13071
 3787     12786
 3788     12698
 3789     12365
 3790     12550
 3791     12822
 3792     12706
 3793     12760
 3794     12528
 3795     12789
 3796     12778
 3797     12492
 3798     13068
 3799     12917
 3800     12139
 3801     12254
 3802     12085
 3803     12364
 3804     12131
 3805     12058
 3806     12047
 3807     12042
 3808     12003
 3809     11951
 3810     11952
 3811     12021
 3812     12463
 3813     12478
 3814     12562
 3815     10410
 3816      9898
 3817      9677
 3818      9760
 3819      9499
 3820      9368
 3821      9334
 3822      9210
 3823      9495
 3824      9471
 3825      9152
 3826      9167
 3827      8633
 3828      7647
 3829      7774
 3830      7633
 3831      7554
 3832      7771
 3833      7750
 3834      7857
 3835      7932
 3836      8046
 3837      7959
 3838      8017
 3839      7870
 3840      7874
 3841      7987
 3842      8031
 3843      8182
 3844      8271
 3845      8263
 3846      6774
 3847      6118
 3848      5605
 3849      5512
 3850      5345
 3851      5265
 3852      5439
 3853      5127
 3854      5158
 3855      5297
 3856      5302
 3857      5418
 3858      5366
 3859      5269
 3860      5546
 3861      5484
 3862      5441
 3863      5677
 3864      5670
 3865      5423
 3866      5545
 3867      5339
 3868      5230
 3869      5289
 3870      5292
 3871      5318
 3872      5416
 3873      5530
 3874      5448
 3875      5405
 3876      4297
 3877      3679
 3878      3544
 3879      3488
 3880      3727
 3881      3563
 3882      3553
 3883      3594
 3884      3581
 3885      3495
 3886      3553
 3887      3602
 3888      3717
 3889      3527
 3890      3562
 3891      3468
 3892      3613
 3893      3522
 3894      3601
 3895      3407
 3896      3695
 3897      3767
 3898      3267
 3899      2067
 3900      1989
 3901      2006
 3902      2020
 3903      1987
 3904      2010
 3905      2010
 3906      1924
 3907      1941
 3908      1957
 3909      2021
 3910      1948
 3911      1914
 3912      1926
 3913      1933
 3914      1980
 3915      2071
 3916      2176
 3917      2218
 3918      2156
 3919      2078
 3920      2023
 3921      2004
 3922      2021
 3923      1909
 3924      1861
 3925      1943
 3926      1912
 3927      1869
 3928      1299
 3929         0
 3930         0
 3931         1
 3932         0
 3933         0
 3934         0
 3935         0
 3936         1
 3937         0
 3938         1
 3939         0
 3940         0
 3941         0
 3942         1
 3943         0
 3944         0
 3945         0
 3946         0
 3947         1
 3948         0
 3949         0
 3950         0
 3951         0
 3952         1
 3953         0
 3954         0
 3955         0
 3956         1
 3957         0
 3958         1
 3959         0
 3960         0
 3961         0
 3962         0
 3963         0
 3964         0
 3965         0
 3966         0
 3967         0
 3968         0
 3969         1
 3970         0
 3971         0
 3972         0
 3973         1
 3974         0
 3975         0
 3976         0
 3977         1
 3978         0
 3979         0
 3980         1
 3981         0
 3982         1
 3983         0
 3984         0
 3985         0
 3986         0
 3987         1
 3988         0
 3989         1
 3990         0
 3991         0
 3992         0
 3993         0
 3994         0
 3995         0
 3996         1
 3997         0
 3998         0
 3999         1
 4000         0
 4001         0
 4002         1
 4003         0
 4004         2
 4005         0
 4006         0
 4007         1
 4008         0
 4009         0
 4010         0
 4011         1
 4012         0
 4013         0
 4014         0
 4015         0
 4016         0
 4017         0
 4018         0
 4019         0
 4020         0
 4021         0
 4022         0
 4023         0
 4024         0
 4025         0
 4026         2
 4027         0
 4028         0
 4029         0
 4030         1
 4031         0
 4032         0
 4033         1
 4034         0
 4035         1
 4036         0
 4037         0
 4038         0
 4039         0
 4040         0
 4041         0
 4042         0
 4043         0
 4044         0
 4045         0
 4046         0
 4047         0
 4048         1
 4049         1
 4050         0
 4051         0
 4052         0
 4053         0
 4054         0
 4055         0
 4056         0
 4057         0
 4058         0
 4059         1
 4060         0
 4061         0
 4062         0
 4063         0
 4064         0
 4065         0
 4066         0
 4067         0
 4068         0
 4069         0
 4070         0
 4071         0
 4072         0
 4073         0
 4074         0
 4075         0
 4076         0
 4077         0
 4078         0
 4079         1
 4080         1
 4081         0
 4082         0
 4083         1
 4084         0
 4085         0
 4086         0
 4087         0
 4088         0
 4089         0
 4090         0
 4091         0
 4092         0
 4093         0
 4094         0
 4095         0
 4096         0
